67
68
75
78
80
82
86
87
112
230
236
239
242
245
247
254
255
263
264
265
267
271
273
276
286
290
293
295
299
301
302
303
305
306
307
355
356
357
358
360
362
384
386
391
411
413
442
443
445
449
477
479
480
482
486
489
498
567
571
572
574
575
576
578
579
583
584
587
588
589
592
593
594
598
599
600
601
603
604
606
607
609
612
613
615
618
622
623
624
625
630
631
634
636
639
642
644
645
648
649
650
658
660
661
665
807
816
822
823
824
825
826
836
844
846
848
850
852
853
855
861
862
971
972
976
978
979
994
998
1000
1011
1012
1018
1021
1026
1034
1035
1039
1043
1044
1048
1058
1066
1067
1073
1079
1083
1084
1086
1091
1095
1098
1104
1108
1110
1111
1116
1122
1134
1136
1145
1149
1156
1158
1161
1163
1449
1450
1452
1466
1488
1491
1492
1512
1514
1618
1619
1620
1673
1677
1678
1681
1682
1683
1684
1685
1686
1690
1725
1726
1727
1728
1729
1733
1734
1735
1736
1738
1739
1740
1744
1746
1747
1749
1750
1752
1754
1756
1757
1760
1762
1763
1764
1771
1776
1781
1782
1791
1795
1797
1798
1799
1800
1925
1928
1932
1933
1934
1935
1936
1941
1942
1950
1951
1955
1956
1960
1963
1965
1967
1968
1972
1973
1976
1979
1981
1985
1986
2062
2064
2073
2074
2075
2079
2082
2083
2093
2096
2097
2106
2160
2161
2165
2187
2188
2203
2205
2207
2233
2244
2246
2247
2251
2252
2257
2321
2322
2324
2326
2327
2328
2329
2330
2333
2334
2335
2336
2338
2339
2340
2342
2380
2383
2385
2386
2387
2388
2389
2390
2391
2395
2396
2399
2400
2401
2403
2404
2409
2411
2412
2413
2415
2416
2420
2421
2422
2423
2424
2426
2427
2428
2430
2431
2499
2500
2503
2508
2509
2511
2512
2514
2515
2522
2524
2527
2534
2537
2660
2663
2665
2677
2679
2682
2684
2685
2698
2699
2700
2705
2709
2712
2772
2773
2824
2825
2826
2828
2829
2830
2831
2832
2833
2834
2835
2836
2837
2838
2840
2841
2842
2848
2850
2891
2892
2921
2922
2924
2927
2928
2929
2931
2932
2933
2934
2935
2936
2996
2999
3000
3002
3003
3006
3008
3028
3030
3032
3033
3035
3036
3037
3038
3041
3097
3098
3099
3100
3104
3105
3106
3109
3110
3111
3115
3116
3125
3131
3179
3182
3313
3314
3315
3316
3322
3359
3360
3361
3363
3366
3368
3369
3370
3371
3372
3374
3375
3377
3378
3379
3380
3381
3384
3385
3428
3431
5264
5691
7289
