233
234
237
240
245
246
268
275
282
289
293
294
302
404
408
409
448
573
575
577
578
583
594
612
617
620
621
626
632
643
648
655
826
829
842
855
861
1004
1016
1050
1060
1071
1075
1091
1097
1102
1122
1484
1497
1621
1671
1674
1687
1726
1727
1732
1741
1765
1769
1781
1783
1796
1804
1928
1929
1930
1937
1946
1953
1954
1983
2061
2062
2064
2074
2085
2188
2239
2240
2241
2400
2403
2404
2406
2428
2534
2678
2894
2925
2928
2934
3000
3002
3314
3368
3869
4092
4223
4631
4665
4766
4971
5344
5766
6431
7704
7705
7986
7988
7989
7991
8032
8034
8113
8117
8123
8125
8135
8183
11336
11337
11338
11340
11341
11343
11344
11345
11346
11347
11348
11364
11365
11377
11424
11428
11432
11446
11447
11448
11461
16153
16156
16159
16160
16161
16164
16166
16167
16168
16169
16172
16173
18595
18599
18601
18609
18826
18921
18922
18923
18929
18931
18933
18935
18939
18942
18948
18960
19447
19449
19454
19459
19468
19469
19505
19506
19595
20495
20496
23462
