63
64
65
66
69
70
71
74
79
81
231
232
233
234
235
237
238
240
241
246
253
258
262
274
282
283
287
289
291
297
298
300
304
309
404
406
408
409
412
448
474
476
481
483
490
497
568
569
570
573
577
580
581
582
586
590
591
616
617
620
621
626
627
632
635
638
643
646
647
652
655
809
810
811
813
817
820
829
831
833
839
841
860
991
992
996
1004
1008
1015
1016
1024
1028
1032
1037
1046
1050
1053
1054
1057
1061
1063
1070
1075
1081
1096
1101
1113
1124
1128
1130
1138
1142
1153
1155
1617
1621
1667
1671
1674
1675
1676
1679
1680
1687
1724
1732
1741
1751
1759
1765
1767
1769
1777
1783
1796
1804
1926
1929
1930
1931
1937
1939
1943
1946
1947
1948
1949
1952
1953
1954
1961
1962
1971
1975
1983
1987
2061
2094
2238
2239
2240
2241
2393
2402
2406
2408
6285
