67
68
75
82
112
230
247
254
264
265
271
276
295
299
302
303
305
306
356
357
358
384
386
413
442
443
445
480
498
572
574
575
578
583
594
598
599
601
603
604
606
607
613
615
618
622
624
642
644
645
648
658
661
807
816
822
824
826
844
846
855
861
971
976
994
998
1011
1018
1044
1073
1091
1095
1098
1108
1111
1116
1136
1145
1466
1488
1677
1678
1682
1684
1686
1726
1729
1733
1734
1735
1736
1739
1740
1746
1750
1754
1757
1762
1781
1791
1795
1928
1932
1933
1934
1935
1936
1942
1950
1955
1956
1960
1965
1967
1972
1979
2062
2073
2074
2082
2083
2096
2187
2244
2246
2247
2251
2257
2327
2342
2380
2383
2386
2387
2388
2390
2391
2400
2403
2404
2409
2416
2420
2421
2426
2430
2499
2500
2511
2534
2660
2685
2700
2712
2772
2773
2824
2832
2842
2850
2891
2892
2934
2996
3000
3008
3028
3032
3033
3035
3036
3359
3360
