78
80
86
87
236
239
242
245
255
263
267
273
286
290
293
301
307
355
360
362
391
411
449
477
479
482
486
489
567
571
576
579
584
587
588
589
592
593
600
609
612
623
625
630
631
634
636
639
649
650
660
665
823
825
836
848
850
852
853
862
972
978
979
1000
1012
1021
1026
1034
1035
1039
1043
1048
1058
1066
1067
1079
1083
1084
1086
1104
1110
1122
1134
1149
1156
1158
1161
1163
1449
1450
1452
1491
1492
1512
1514
1618
1619
1620
1673
1681
1683
1685
1690
1725
1727
1728
1738
1744
1747
1749
1752
1756
1760
1763
1764
1771
1776
1782
1797
1798
1799
1800
1925
1941
1951
1963
1968
1973
1976
1981
1985
1986
2064
2075
2079
2093
2097
2106
2160
2161
2165
2188
2203
2205
2207
2233
2252
2321
2322
2324
2326
2328
2329
2330
2333
2334
2335
2336
2338
2339
2340
2385
2389
2395
2396
2399
2401
2411
2412
2413
2415
2422
2423
2424
2427
2428
2431
2503
2508
2509
2512
2514
2515
2522
2524
2527
2537
2663
2665
2677
2679
2682
2684
2698
2699
2705
2709
2825
2826
2828
2829
2830
2831
2833
2834
2835
2836
2837
2838
2840
2841
2848
2921
2922
2924
2927
2928
2929
2931
2932
2933
2935
2936
2999
3002
3003
3006
3030
3037
3038
3041
3097
3098
3099
3100
3104
3105
3106
3109
3110
3111
3115
3116
3125
3131
3179
3182
3313
3314
3315
3316
3322
3361
3363
3366
3368
3369
3370
3371
3372
3374
3375
3377
3378
3379
3380
3381
3384
3385
3428
3431
5264
5691
7289
