63
64
66
78
81
82
86
230
231
236
241
253
254
256
263
271
274
286
287
288
291
297
304
305
307
309
357
360
384
385
391
406
445
446
474
476
481
497
567
570
574
576
587
588
589
591
604
606
623
631
633
638
647
650
652
662
663
819
824
832
833
834
836
839
846
860
972
994
996
1008
1011
1021
1028
1033
1043
1049
1052
1057
1067
1078
1080
1101
1108
1112
1117
1128
1130
1135
1144
1153
1154
1452
1458
1466
1478
1489
1494
1513
1514
1617
1676
1724
1725
1740
1742
1743
1744
1746
1750
1752
1754
1756
1759
1760
1762
1763
1764
1775
1791
1800
1933
1935
1947
1948
1955
1957
1961
1962
1967
1987
2079
2083
2096
2203
2204
2207
2229
2230
2243
2244
2245
2249
2299
2322
2323
2333
2334
2380
2385
2386
2387
2390
2401
2405
2408
2409
2412
2415
2416
2418
2420
2423
2426
2431
2509
2513
2516
2660
2665
2699
2700
2703
2705
2712
2713
2722
2775
2826
2832
2838
2840
2842
2924
2926
2931
2932
2940
3004
3008
3028
3032
3033
3035
3036
3037
3040
3046
3097
3098
3100
3102
3104
3109
3115
3116
3179
3193
3237
3240
3243
3250
3256
3360
3364
3366
3379
3431
3490
3537
3586
3755
3823
3862
3864
3866
4025
4093
4115
4116
4117
4230
4231
4241
4249
4251
4252
4520
4545
4555
4655
4656
4660
4669
4778
4790
4791
4959
4977
5065
5202
5203
5298
5520
5521
5524
5679
5685
5691
6867
6870
7115
7162
7706
7711
7712
7713
7715
7749
7751
7753
7944
7945
7947
7971
7990
7993
7994
7998
8028
8033
8112
8115
8118
8119
8120
8122
8124
8128
8134
11339
11342
11352
11360
11362
11376
11425
11427
11430
11431
11433
11437
11440
11441
11445
11453
11455
11456
11457
11458
11463
11464
11465
11466
11468
11469
11470
11474
11475
11476
11478
16154
16155
16157
16165
16171
16175
16176
16177
17562
17931
17937
18037
18271
18593
18596
18600
18603
18607
18610
18611
18612
18613
18725
18726
18740
18741
18758
18760
18763
18777
18779
18794
18795
18796
18812
18816
18818
18820
18821
18822
18823
18828
18831
18832
18835
18836
18839
18844
18851
18852
18854
18856
18860
18911
18912
18913
18914
18925
18927
18928
18932
18934
18936
18937
18938
18940
18941
18943
18945
18946
18950
18951
18954
18955
18958
18959
19360
19361
19366
19367
19368
19370
19446
19448
19450
19456
19457
19458
19462
19463
19465
19473
19490
19491
19510
19511
19512
19513
19516
19518
19520
19522
19524
19525
19526
19597
19602
19603
19606
19610
20394
20403
20405
20408
20409
20420
20462
20463
20464
20466
20763
20764
21208
21214
21215
21217
21220
21224
21466
21481
22353
22358
22359
22361
22363
22364
22368
22369
22371
22374
22376
22543
22546
22549
22553
22554
22558
22577
22578
22580
22581
22598
22600
23385
23390
23392
23398
23400
23406
23463
23464
23467
23523
23527
23534
23541
23547
23548
23549
23550
23551
23552
23553
23554
23566
23714
