63
64
81
230
231
253
286
297
305
307
357
360
406
445
476
497
567
570
574
588
589
591
606
623
638
652
662
663
819
824
832
839
1028
1033
1052
1057
1128
1130
1153
1154
1466
1478
1489
1513
1617
1724
1740
1742
1744
1752
1756
1762
1791
1800
1947
1948
1961
1962
1987
2079
2207
2229
2245
2323
2380
2385
2386
2387
2390
2401
2409
2415
2416
2418
2420
2423
2516
2699
2700
2703
2705
2722
2775
2838
2842
2924
2931
2932
2940
3028
3035
3036
3037
3098
3116
3193
3240
3250
3256
3364
3366
3431
3537
3755
3862
3864
3866
4115
4117
4230
4231
4249
4545
4555
4655
4669
4778
4791
4959
5065
5202
5679
6867
7115
7706
7749
7945
7947
7990
7993
8028
8033
8118
8119
8122
8124
8128
8134
11342
11352
11362
11376
11431
11437
11440
11445
11453
11455
11458
11463
11464
11465
11468
11470
11475
11476
11478
16154
16157
16165
16171
16176
17937
18596
18603
18613
18741
18758
18794
18820
18822
18828
18831
18832
18835
18836
18839
18844
18854
18911
18913
18925
18927
18928
18932
18934
18938
18943
18958
19360
19361
19366
19448
19450
19463
19465
19512
19518
19522
19597
19602
19603
20394
20403
20763
20764
21215
21466
21481
22543
22546
22549
22553
22554
22558
22577
22580
22581
