90
91
93
123
127
128
310
327
367
417
420
435
437
454
467
667
669
673
674
676
677
680
689
704
705
717
742
743
867
868
873
881
910
924
931
1188
1195
1205
1216
1266
1275
1278
1341
1530
1535
1558
1625
1631
1632
1638
1639
1657
1697
1809
1810
1814
1827
1835
1837
1844
1876
1877
1883
1901
1990
1995
2013
2059
2124
2141
2173
2176
2177
2259
2373
2437
2438
2450
2463
2467
2469
2478
2492
2584
2788
2855
2899
2900
2946
3169
3175
3884
3887
4910
5013
5220
5500
5571
5708
6820
7690
7717
7975
7976
7982
7983
8019
8041
8056
8065
8095
8108
11302
11315
11380
11381
11383
11385
11400
16118
16119
16133
18561
18562
18731
18772
18780
18869
18874
18877
18895
18971
18977
19002
19006
19013
