1
6
8
18
35
58
90
91
93
95
106
108
115
123
127
128
129
142
156
177
188
192
310
327
333
344
353
367
414
417
419
420
433
435
437
454
466
467
504
507
508
509
513
515
523
666
667
669
671
673
674
676
677
678
680
683
685
689
691
695
696
700
704
705
706
714
717
731
734
735
742
743
753
778
781
866
867
868
873
877
881
882
887
890
891
895
910
919
924
931
936
964
1184
1188
1195
1198
1205
1208
1216
1239
1254
1266
1273
1275
1278
1289
1309
1341
1395
1530
1535
1552
1558
1562
1584
1589
1609
1612
1615
1625
1631
1632
1638
1639
1647
1657
1663
1697
1703
1704
1712
1715
1809
1810
1814
1827
1835
1837
1844
1847
1852
1855
1856
1858
1863
1876
1877
1883
1894
1901
1906
1908
1990
1993
1995
2001
2005
2007
2013
2020
2022
2059
2066
2111
2112
2116
2120
2124
2141
2173
2176
2177
2184
2198
2214
2217
2259
2260
2269
2279
2303
2306
2359
2373
2437
2438
2442
2445
2450
2453
2456
2463
2464
2467
2468
2469
2473
2474
2478
2492
2539
2542
2559
2563
2584
2688
2723
2730
2750
2751
2783
2788
2796
2853
2855
2874
2883
2899
2900
2945
2946
2952
2959
2994
3011
3012
3073
3076
3084
3092
3153
3169
3175
3216
3231
3336
3386
3412
3415
3543
3613
3699
3787
3789
3884
3887
4154
4315
4332
4585
4700
4732
4735
4910
5013
5025
5158
5171
5220
5230
5421
5500
5571
5645
5708
5735
6820
6903
7690
7691
7693
7696
7697
7717
7718
7719
7724
7949
7975
7976
7981
7982
7983
8001
8002
8003
8004
8005
8009
8014
8019
8022
8037
8038
8041
8046
8056
8064
8065
8067
8074
8095
8108
8146
10999
11301
11302
11303
11307
11308
11310
11315
11322
11325
11370
11371
11372
11379
11380
11381
11382
11383
11385
11386
11389
11395
11399
11400
11408
11419
11421
11480
11481
11483
11484
11485
11488
11490
11495
11525
16114
16118
16119
16123
16124
16133
18559
18561
18562
18569
18710
18728
18731
18736
18742
18745
18747
18748
18772
18780
18781
18869
18870
18874
18876
18877
18888
18895
18899
18961
18963
18964
18965
18968
18969
18971
18975
18977
18979
18990
18992
18994
19001
19002
19006
19007
19012
19013
19381
19384
19386
19387
19404
19422
19478
19502
19528
19536
19553
19575
19600
20488
25549
