23
25
27
30
50
56
61
96
99
100
102
103
105
106
119
143
144
147
148
156
157
166
172
175
184
194
195
198
201
206
207
211
214
218
220
224
316
318
323
333
339
340
344
349
398
403
419
426
428
434
438
455
457
459
460
461
471
510
518
520
522
527
528
533
536
537
546
548
554
556
563
666
678
681
682
688
697
703
710
718
724
725
735
738
739
741
742
744
763
765
767
775
776
782
784
787
795
804
806
887
898
908
926
936
937
959
961
966
982
987
988
1172
1175
1184
1190
1200
1204
1216
1221
1223
1229
1231
1238
1264
1270
1283
1296
1307
1322
1325
1333
1340
1351
1364
1366
1369
1372
1377
1381
1388
1399
1406
1409
1411
1414
1415
1429
1433
1434
1435
1441
1520
1526
1529
1533
1551
1560
1562
1576
1581
1583
1584
1589
1595
1597
1598
1599
1604
1608
1609
1611
1615
1628
1630
1632
1636
1646
1647
1649
1661
1662
1666
1694
1716
1720
1722
1812
1813
1824
1829
1831
1843
1844
1846
1848
1850
1852
1857
1861
1866
1871
1874
1879
1884
1887
1888
1890
1891
1896
1907
1911
1912
1922
1992
1994
2009
2019
2021
2033
2035
2036
2038
2040
2053
2067
2110
2114
2115
2117
2132
2142
2144
2157
2159
2169
2171
2175
2179
2180
2181
2182
2201
2213
2214
2215
2218
2220
2223
2266
2269
2270
2272
2277
2285
2343
2344
2349
2350
2351
2352
2353
2355
2359
2363
2365
2367
2368
2369
2441
2445
2448
2450
2451
2457
2465
2482
2488
2489
2491
2492
2493
2495
2540
2544
2555
2556
2563
2565
2568
2572
2579
2580
2585
2590
2593
2605
2606
2607
2616
2625
2629
2640
2647
2692
2697
2730
2735
2738
2752
2753
2780
2782
2784
2822
2857
2864
2867
2869
2871
2872
2877
2878
2879
2884
2887
2896
2900
2906
2945
2946
2947
2949
2950
2951
2952
2954
2955
2961
2962
2964
2967
2969
2973
2982
3014
3016
3017
3021
3054
3056
3058
3064
3066
3079
3085
3089
3094
3136
3137
3138
3140
3141
3143
3146
3150
3153
3156
3158
3166
3169
3170
3175
3176
3204
3205
3212
3224
3231
3326
3327
3328
3329
3330
3331
3332
3334
3335
3336
3339
3340
3341
3342
3344
3345
3346
3349
3353
3355
3387
3388
3389
3390
3391
3395
3396
3398
3401
3402
3403
3406
3408
3409
3412
3414
3415
3417
3418
3419
3434
3437
3443
3447
3452
3456
3457
3458
3782
3828
3859
5050
7694
