8
9
10
13
15
20
21
23
24
25
26
27
30
31
32
34
35
37
40
42
44
45
49
50
53
55
56
57
58
61
89
90
91
93
94
95
96
98
99
100
102
103
105
106
119
120
121
126
129
132
135
139
143
144
146
147
148
149
150
151
155
156
157
159
162
164
166
168
172
175
176
178
183
184
187
189
192
194
195
197
198
201
203
206
207
208
211
214
217
218
220
224
311
312
314
315
316
318
319
323
324
325
327
330
331
332
333
335
339
340
342
344
346
349
367
369
376
393
395
397
398
400
402
403
416
419
421
424
426
427
428
430
434
436
438
440
453
455
457
458
459
460
461
462
464
465
466
471
504
505
507
508
510
511
512
516
518
520
521
522
524
527
528
532
533
535
536
537
538
542
546
548
549
550
554
556
563
565
666
671
678
681
682
684
686
688
690
693
694
696
697
702
703
709
710
714
718
722
723
724
725
726
728
730
732
733
734
735
736
738
739
740
741
742
744
745
746
748
753
755
756
757
758
763
765
767
769
770
771
772
775
776
782
784
786
787
792
795
796
804
806
873
887
889
898
904
906
908
912
913
917
926
928
931
932
936
937
939
951
959
961
966
967
982
984
987
988
1172
1175
1183
1184
1190
1192
1195
1199
1200
1201
1204
1216
1221
1222
1223
1224
1229
1231
1234
1238
1241
1246
1257
1263
1264
1265
1270
1280
1283
1296
1298
1307
1314
1317
1322
1325
1331
1333
1340
1348
1351
1364
1366
1367
1369
1372
1373
1376
1377
1380
1381
1386
1388
1399
1401
1403
1406
1409
1411
1414
1415
1419
1429
1433
1434
1435
1437
1441
1520
1522
1525
1526
1529
1533
1534
1536
1539
1546
1551
1554
1558
1560
1562
1575
1576
1578
1581
1583
1584
1589
1594
1595
1597
1598
1599
1602
1604
1606
1608
1609
1611
1612
1615
1623
1628
1630
1632
1635
1636
1638
1641
1643
1646
1647
1649
1654
1660
1661
1662
1664
1665
1666
1693
1694
1695
1696
1700
1701
1704
1705
1712
1716
1718
1719
1720
1722
1810
1812
1813
1816
1824
1825
1829
1831
1837
1843
1844
1846
1848
1850
1851
1852
1853
1857
1861
1864
1865
1866
1867
1868
1869
1870
1871
1873
1874
1875
1876
1878
1879
1882
1884
1887
1888
1889
1890
1891
1895
1896
1899
1901
1907
1910
1911
1912
1914
1917
1920
1922
1992
1994
1995
2001
2002
2003
2007
2008
2009
2011
2013
2014
2019
2021
2031
2032
2033
2035
2036
2037
2038
2040
2041
2042
2043
2045
2053
2057
2059
2065
2067
2069
2071
2110
2112
2114
2115
2117
2119
2122
2127
2128
2129
2132
2140
2141
2142
2144
2157
2159
2169
2170
2171
2172
2174
2175
2179
2180
2181
2182
2193
2194
2195
2199
2200
2201
2202
2213
2214
2215
2218
2220
2223
2235
2236
2264
2265
2266
2269
2270
2272
2273
2276
2277
2279
2283
2284
2285
2288
2343
2344
2347
2348
2349
2350
2351
2352
2353
2354
2355
2359
2361
2363
2365
2366
2367
2368
2369
2370
2371
2375
2437
2439
2440
2441
2442
2443
2445
2447
2448
2450
2451
2453
2454
2455
2457
2459
2460
2464
2465
2468
2470
2473
2476
2478
2481
2482
2484
2488
2489
2491
2492
2493
2495
2496
2497
2540
2542
2543
2544
2545
2546
2549
2554
2555
2556
2563
2565
2566
2568
2572
2576
2579
2580
2584
2585
2590
2593
2605
2606
2607
2608
2616
2625
2627
2629
2630
2633
2635
2636
2640
2647
2688
2692
2694
2697
2727
2728
2730
2735
2738
2742
2743
2745
2750
2752
2753
2770
2779
2780
2782
2784
2796
2822
2851
2852
2853
2854
2855
2857
2859
2860
2863
2864
2867
2868
2869
2871
2872
2874
2875
2876
2877
2878
2879
2880
2882
2884
2885
2887
2895
2896
2899
2900
2906
2945
2946
2947
2949
2950
2951
2952
2954
2955
2961
2962
2964
2967
2969
2973
2982
2994
2995
3011
3014
3015
3016
3017
3021
3024
3052
3053
3054
3056
3057
3058
3064
3066
3079
3083
3085
3089
3094
3136
3137
3138
3140
3141
3143
3146
3150
3153
3156
3158
3166
3169
3170
3175
3176
3204
3205
3212
3224
3231
3325
3326
3327
3328
3329
3330
3331
3332
3334
3335
3336
3339
3340
3341
3342
3344
3345
3346
3349
3353
3355
3387
3388
3389
3390
3391
3393
3395
3396
3398
3401
3402
3403
3406
3408
3409
3412
3414
3415
3417
3418
3419
3434
3437
3443
3447
3452
3456
3457
3458
3782
3828
3859
5050
5297
7694
