2
5
10
15
16
21
26
27
31
38
42
45
47
50
52
89
99
119
120
124
134
135
140
145
146
147
150
153
158
160
161
162
164
166
170
173
179
181
182
217
221
225
228
323
334
335
345
346
363
371
393
394
415
421
426
436
458
471
506
512
517
521
527
528
529
530
531
532
535
548
551
552
554
672
675
681
690
692
693
694
699
708
709
710
711
712
721
730
732
737
740
747
752
758
760
761
771
772
784
786
787
790
799
801
802
804
874
879
885
900
902
913
926
946
951
954
963
984
985
1177
1179
1201
1203
1213
1218
1219
1231
1251
1257
1261
1281
1284
1295
1299
1301
1304
1319
1321
1323
1324
1325
1334
1338
1364
1379
1382
1415
1428
1435
1437
1525
1529
1536
1543
1546
1554
1557
1573
1578
1597
1608
1636
1641
1646
1662
1701
1702
1716
1718
1719
1811
1813
1815
1818
1821
1823
1824
1825
1836
1842
1853
1857
1868
1869
1870
1872
1874
1880
1881
1887
1895
1991
1997
2000
2003
2006
2029
2032
2034
2036
2037
2038
2040
2042
2045
2051
2054
2069
2070
2071
2110
2113
2114
2119
2122
2168
2174
2179
2193
2200
2210
2211
2219
2227
2258
2261
2263
2265
2275
2276
2277
2284
2289
2302
2308
2309
2311
2312
2316
2349
2350
2355
2363
2367
2368
2371
2460
2462
2465
2470
2471
2481
2487
2491
2493
2497
2553
2554
2560
2561
2566
2574
2575
2586
2590
2598
2600
2608
2626
2627
2640
2641
2654
2728
2784
2803
2859
2861
2870
2871
2876
2877
2886
2896
2897
2905
2947
2949
2953
2962
2965
2967
2968
2970
2971
2972
2973
2991
2995
3015
3051
3052
3053
3056
3057
3062
3064
3067
3077
3082
3134
3137
3142
3144
3147
3151
3155
3158
3167
3204
3205
3265
3268
3276
3277
3279
3285
3311
3325
3333
3349
3350
3353
3355
3393
3399
3407
3434
3437
3440
3444
3447
3457
3500
3559
3595
3596
3835
3914
4006
4044
4057
4065
4081
4136
4138
4144
4314
4316
4340
4361
4368
4369
4394
4397
4433
4468
4535
4573
4575
4589
4627
4637
4638
4689
4699
4702
4704
4722
4723
4726
4841
4918
4997
4999
5001
5005
5006
5007
5034
5038
5137
5138
5175
5215
5236
5271
5297
5306
5314
5360
5408
5409
5568
5577
5583
5662
5670
5732
5793
5794
5932
6276
6342
6344
6841
6845
6849
7641
7642
7644
7689
7694
7701
7703
7720
7721
7722
7725
7726
7729
7730
7732
7734
7736
7744
7958
7959
7961
7964
7965
7978
7985
8006
8007
8010
8011
8013
8023
8047
8048
8050
8051
8052
8054
8057
8058
8059
8060
8061
8062
8068
8069
8071
8073
8075
8077
8079
8081
8084
8085
8087
8097
8099
11300
11304
11305
11306
11309
11312
11316
11317
11319
11323
11324
11328
11330
11354
11355
11357
11358
11359
11366
11367
11374
11384
11387
11388
11392
11394
11396
11397
11401
11402
11405
11406
11409
11413
11417
11420
11422
11486
11489
11491
11493
11494
11498
11501
11502
11503
11506
11507
11508
11511
11512
11516
11520
11524
11528
16112
16113
16115
16117
16120
16122
16126
16129
16130
16131
16132
16134
16135
16137
16139
16140
16141
16142
16143
16145
16146
16147
16148
18115
18131
18201
18555
18563
18564
18565
18566
18568
18570
18571
18572
18573
18574
18575
18576
18577
18578
18579
18581
18583
18585
18586
18590
18592
18724
18730
18732
18734
18744
18746
18750
18751
18769
18770
18771
18773
18774
18784
18786
18787
18788
18789
18790
18791
18865
18867
18871
18872
18873
18875
18878
18879
18882
18883
18884
18885
18887
18889
18892
18893
18894
18897
18898
18900
18904
18910
18915
18919
18962
18967
18970
18973
18974
18976
18978
18980
18981
18986
18988
18989
18991
18993
18995
18997
19000
19005
19010
19011
19014
19015
19016
19018
19362
19363
19364
19365
19378
19380
19385
19388
19390
19391
19394
19396
19397
19398
19399
19400
19402
19403
19405
19407
19409
19411
19413
19417
19418
19423
19424
19425
19429
19430
19431
19432
19434
19436
19437
19438
19439
19440
19442
19479
19480
19481
19482
19487
19488
19489
19496
19497
19498
19503
19529
19534
19538
19539
19542
19543
19548
19551
19554
19555
19556
19557
19558
19559
19561
19566
19569
19580
19581
19583
19598
19623
19624
19626
19627
19628
19634
19635
19636
19637
19638
19639
19640
19641
19642
19644
19648
19649
19653
19656
19657
19661
19662
19665
19666
20427
20429
20431
20434
20437
20443
20451
20468
20472
20476
20478
20479
20482
20485
20489
20491
20492
20493
20494
20765
20766
21210
21232
21233
21234
21237
21239
21476
21482
22348
22379
22381
22384
22385
22387
22388
22389
22390
22393
22395
22400
22401
22402
22405
22407
22408
22515
22516
22517
22518
22519
22523
22524
22525
22527
22528
22565
22566
22569
22573
22586
22588
22589
22591
22592
22593
22594
22595
22596
23408
23411
23412
23414
23416
23417
23419
23420
23421
23424
23427
23428
23430
23431
23440
23442
23443
23454
23458
23461
23471
23472
23475
23476
23482
23485
23486
23489
23501
23512
23573
23578
23579
23582
23585
23587
23588
23594
23599
23601
25996
