5
10
15
16
21
31
38
89
99
120
124
134
147
150
153
160
161
166
170
181
221
323
334
335
346
371
415
421
458
471
506
512
521
529
530
531
535
551
552
694
699
708
709
710
711
732
737
747
752
760
761
784
787
790
874
879
885
900
902
913
926
946
963
1219
1251
1257
1281
1284
1299
1319
1321
1334
1338
1364
1379
1382
1415
1428
1435
1437
1536
1546
1557
1578
1597
1641
1646
1662
1701
1702
1718
1719
1811
1815
1842
1853
1870
1895
1991
1997
2000
2003
2029
2036
2037
2042
2051
2070
2113
2114
2119
2122
2168
2193
2200
2261
2263
2275
2276
2284
2308
2350
2363
2371
2460
2465
2471
2493
2553
2561
2566
2575
2586
2803
2861
2871
2876
2877
2896
2897
2947
2967
2970
2972
2973
3015
3052
3056
3057
3082
3142
3151
3265
3268
3276
3277
3285
3333
3350
3393
3399
3440
3559
4065
4081
4138
4368
4397
4433
4535
4589
4637
4689
4841
4918
5006
5038
5137
5138
5175
5215
5236
5408
5409
5732
6344
6849
7641
7644
7720
7721
7965
8007
8011
8013
8048
8051
8057
8059
8060
8061
8068
8069
8084
8085
11300
11304
11305
11306
11309
11316
11319
11323
11324
11355
11357
11358
11359
11367
11392
11422
11486
11491
11498
11502
11503
11507
11511
11512
11520
16113
16115
16117
16120
16129
16132
16135
16139
16140
16141
16146
16147
16148
18115
18131
18563
18565
18566
18570
18571
18577
18578
18579
18581
18583
18585
18590
18724
18744
18751
18769
18771
18774
18786
18791
18865
18867
18871
18872
18878
18879
18883
18894
18910
18915
18974
18988
18989
18991
19000
19005
19011
19014
19362
19364
19385
19396
19402
19403
19405
19407
19417
19425
19431
19436
19437
19442
19479
19487
19488
19498
19529
19539
19543
19551
19566
19581
19598
19624
19626
19635
19637
19640
19641
19644
19649
19662
20429
20431
20443
20451
20482
20485
20489
20492
20494
20766
21233
21237
21482
22515
22516
22518
22519
22525
22527
22528
22565
22566
23486
25996
