1
2
3
5
6
7
12
14
16
17
18
19
22
28
33
38
39
43
54
115
116
117
123
124
125
127
128
130
131
134
138
140
141
142
153
158
160
161
165
170
177
179
181
188
190
191
202
205
209
210
225
228
310
313
317
320
334
347
350
351
363
364
365
366
368
370
371
372
374
375
378
379
380
381
394
396
399
401
414
415
417
418
420
422
423
433
435
437
451
454
463
467
468
506
509
513
515
517
523
525
526
529
531
534
551
552
561
667
668
669
670
672
673
674
675
676
677
680
683
685
687
689
691
692
695
699
701
704
705
706
707
708
711
712
715
717
720
721
727
731
737
743
750
751
752
754
760
762
764
778
781
790
794
801
802
866
868
870
874
877
878
881
886
890
892
894
895
900
910
918
922
924
927
934
941
944
947
948
953
955
963
964
969
1173
1180
1181
1194
1198
1205
1208
1209
1214
1217
1219
1225
1228
1236
1239
1243
1248
1252
1254
1255
1258
1261
1267
1269
1273
1277
1278
1286
1288
1291
1293
1294
1300
1301
1304
1305
1309
1312
1323
1330
1341
1356
1357
1393
1395
1425
1426
1530
1543
1548
1552
1567
1587
1592
1605
1625
1631
1639
1650
1651
1652
1653
1655
1656
1657
1658
1663
1692
1697
1699
1702
1703
1714
1715
1809
1811
1814
1815
1817
1818
1819
1822
1823
1826
1827
1828
1832
1834
1835
1836
1838
1839
1841
1847
1849
1855
1856
1858
1863
1877
1880
1881
1883
1886
1892
1894
1900
1905
1906
1908
1919
1989
1990
1991
1993
1996
1997
1998
1999
2000
2004
2005
2006
2020
2022
2023
2029
2034
2044
2051
2054
2108
2113
2116
2123
2134
2138
2168
2173
2176
2177
2184
2210
2219
2258
2259
2260
2261
2263
2267
2268
2275
2289
2345
2373
2438
2449
2456
2463
2466
2467
2469
2471
2474
2487
2749
2905
3386
3405
3407
5708
