1
6
8
18
35
58
95
106
108
115
129
142
156
177
188
192
333
344
353
414
419
433
466
504
507
508
509
513
515
523
666
671
678
683
685
691
695
696
700
706
714
731
734
735
753
778
781
866
877
882
887
890
891
895
919
936
964
1184
1198
1208
1239
1254
1273
1289
1309
1395
1552
1562
1584
1589
1609
1612
1615
1647
1663
1703
1704
1712
1715
1847
1852
1855
1856
1858
1863
1894
1906
1908
1993
2001
2005
2007
2020
2022
2066
2111
2112
2116
2120
2184
2198
2214
2217
2260
2269
2279
2303
2306
2359
2442
2445
2453
2456
2464
2468
2473
2474
2539
2542
2559
2563
2688
2723
2730
2750
2751
2783
2796
2853
2874
2883
2945
2952
2959
2994
3011
3012
3073
3076
3084
3092
3153
3216
3231
3336
3386
3412
3415
3543
3613
3699
3787
3789
4154
4315
4332
4585
4700
4732
4735
5025
5158
5171
5230
5421
5645
5735
6903
7691
7693
7696
7697
7718
7719
7724
7949
7981
8001
8002
8003
8004
8005
8009
8014
8022
8037
8038
8046
8064
8067
8074
8146
10999
11301
11303
11307
11308
11310
11322
11325
11370
11371
11372
11379
11382
11386
11389
11395
11399
11408
11419
11421
11480
11481
11483
11484
11485
11488
11490
11495
11525
16114
16123
16124
18559
18569
18710
18728
18736
18742
18745
18747
18748
18781
18870
18876
18888
18899
18961
18963
18964
18965
18968
18969
18975
18979
18990
18992
18994
19001
19007
19012
19381
19384
19386
19387
19404
19422
19478
19502
19528
19536
19553
19575
19600
20488
25549
