8
9
10
13
15
20
21
24
26
31
32
34
35
37
40
42
44
45
49
53
55
57
58
89
90
91
93
94
95
98
120
121
126
129
132
135
139
146
149
150
151
155
159
162
164
168
176
178
183
187
189
192
197
203
208
217
311
312
314
315
319
324
325
327
330
331
332
335
342
346
367
369
376
393
395
397
400
402
416
421
424
427
430
436
440
453
458
462
464
465
466
504
505
507
508
511
512
516
521
524
532
535
538
542
549
550
565
671
684
686
690
693
694
696
702
709
714
722
723
726
728
730
732
733
734
736
740
745
746
748
753
755
756
757
758
769
770
771
772
786
792
796
873
889
904
906
912
913
917
928
931
932
939
951
967
984
1183
1192
1195
1199
1201
1222
1224
1234
1241
1246
1257
1263
1265
1280
1298
1314
1317
1331
1348
1367
1373
1376
1380
1386
1401
1403
1419
1437
1522
1525
1534
1536
1539
1546
1554
1558
1575
1578
1594
1602
1606
1612
1623
1635
1638
1641
1643
1654
1660
1664
1665
1693
1695
1696
1700
1701
1704
1705
1712
1718
1719
1810
1816
1825
1837
1851
1853
1864
1865
1867
1868
1869
1870
1873
1875
1876
1878
1882
1889
1895
1899
1901
1910
1914
1917
1920
1995
2001
2002
2003
2007
2008
2011
2013
2014
2031
2032
2037
2041
2042
2043
2045
2057
2059
2065
2069
2071
2112
2119
2122
2127
2128
2129
2140
2141
2170
2172
2174
2193
2194
2195
2199
2200
2202
2235
2236
2264
2265
2273
2276
2279
2283
2284
2288
2347
2348
2354
2361
2366
2370
2371
2375
2437
2439
2440
2442
2443
2447
2453
2454
2455
2459
2460
2464
2468
2470
2473
2476
2478
2481
2484
2496
2497
2542
2543
2545
2546
2549
2554
2566
2576
2584
2608
2627
2630
2633
2635
2636
2688
2694
2727
2728
2742
2743
2745
2750
2770
2779
2796
2851
2852
2853
2854
2855
2859
2860
2863
2868
2874
2875
2876
2880
2882
2885
2895
2899
2994
2995
3011
3015
3024
3052
3053
3057
3083
3325
3393
5297
