2
5
6
16
19
22
43
54
115
116
117
123
124
125
127
128
130
138
140
141
142
153
158
160
161
170
177
179
181
188
190
191
205
209
210
317
334
365
374
378
380
381
394
396
399
401
417
418
451
454
463
467
468
506
509
513
515
517
523
525
526
529
531
534
551
552
561
667
669
670
672
673
680
683
685
687
692
695
699
701
704
707
708
711
712
715
717
720
721
727
731
737
743
750
751
754
760
778
790
794
801
868
874
878
894
900
918
922
924
927
934
944
953
955
963
964
969
1194
1198
1205
1217
1219
1225
1228
1236
1239
1243
1252
1255
1258
1261
1269
1273
1277
1291
1294
1300
1304
1305
1312
1323
1330
1356
1357
1393
1425
1426
1530
1543
1548
1552
1567
1587
1592
1605
1631
1639
1650
1657
1658
1663
1692
1697
1699
1702
1703
1714
1715
1811
1814
1815
1817
1818
1819
1823
1826
1828
1834
1836
1838
1839
1858
1863
1877
1880
1881
1892
1894
1900
1906
1908
1919
1989
1990
1991
1993
1996
1997
1998
1999
2000
2004
2005
2006
2020
2022
2023
2029
2034
2044
2051
2054
2108
2113
2116
2123
2134
2138
2168
2173
2176
2177
2184
2210
2219
2258
2260
2261
2263
2267
2268
2275
2289
2345
2373
2438
2449
2456
2463
2466
2467
2469
2471
2474
2487
2749
3386
3405
3407
5708
